01000011011100000100011100101111001000010111011000111101011101010110001001101010011000100001110100100101010110000110010100110101011011000101110010101111110111110111101100110000000000110010101001000000111000111111000111111110001110010110101011101000001111110011011101111000
10000111111111010101111101010001011010111100001001111011011100110110101010110001001110010101101001100100001100011110000011011111011100000100101100100100010011101010000101111100111000011111001000100111011111010111101101011100101110010111111111011001101111011100110100110100
01001011111111000110011001001011011101111100110101111011101001110111110101000001011000000100110010110001000000111110000000011001011111110000111010110100000111010010001111110001011000110010111001110010111011001111111001111111001010100001010100001010001101110111110101101110
01100011110001100100000010000000111100001101010001111001001101111000100001100010111101000111000011101101011000111110010101011111011101011110111011100101010111110110000101101001010000001111100000110011111011100101111101001111011000000111011101111010001111110011110101111000
10110001011100100100001101000011000011100101000101011000010101010000101101110000111010001011101111110001011110100111010001010011011111001100100011110101001111011110000100001000010001011110110001100101000101111011001001010100110011100110010110011100010111111101111101111101
01000110010101000101111001011001000000111110010001111111011111010110100001100011010011000100000000000001011000000111001101111111001101011000111100100011011110011100001001101001001001000111010001010110010011000110111100011111001010000011010010101100011001101111001101111100
01100001010101011101111011110111010100010111010001111001011101111101100010110001011111001111111100110110000000101111110100011101010011111011110001110001010101100110011000101100001110100110101001101111001011111111011110001011011010110111010101001001001110000101110001111100
01001010010101011000101001111101000101100000011101001010001001110110010111110000100111000101101100111101011100100110010011110011011010011110100001100011010011111110000011101000011010110100101100110011011101110111010100010011000011001111100111101001011011010111111110110101
01000111010011000100010001010010010100001101010011111011011001111010100010100011010001010101101100100101110111001101011001011010010100000111110010111101111011100101001111100010011101000110111010110111000011001100010111001111011110101000010001101100001011010011011101101001
11001110010111100111111011000111110001111000010011111011101101011010101001001000000111110110011001101001000110001110110111011111011101011111110100000101000111110010001111100101011110110010110011000011010011011111001100010110001010111001000111101010011111010001101110011101
10110001010111010100111001011110011100110001001111111011111110010111100001110001111100110100001101001101011100011010110101011000000101101100101000100101010011011110011101100011000000000111110010100000111100011010100111011111111010001010010101110100000111110011111100111111
01011111000111000110011110101110110111110110100001101001011111000010110101010110010001011101111110100001011110100111101101011010011001101111101001110111000011010011101101100000010100010001101001100010010000000010001100111101111010001111110110001000000011110010101001110110
00001011110110000110111001011111011000110000110010111011011001011100010011100101010101001101110011000001010100101110010100011011001001010011111101001010010110110100011101011110000000010110011001101011001010010011100111011111110010001101110000111100011111110111100100111101
10010010110101110110011001001111111011000101000011111101011000110110101101000100110111000101100000100101000111001111010101010111011101010100101001000111011111111011001101001110011010100110101001100110011010010111010110000011011011000110010101101010101101000000110101101100
01010101010001001100111111100101010000100100110011101000011100010011100010110001010111000100101011000001110000100010000001011110011111000110100011100000010001011101001001111000101010011110011010000001111000110011000100011001011011000010000001111010101011100001110101110100
01101101011111011110111001011000011010100000010001011011111001110011100111100011011100000111110011100010000110100010010101001100101001000111100101001101011111111010001101100000011001001101011000100010111111000011001111011101010010000100110111101000011010111011111000101101
11000011111001100010011001011101100111110000111101111011011101110010100101100101011101010110101101100011001101101010100100011000010100000011110010001101010001000101000111111000101000010111110001100001001001110001101101010111101110001010010100101000001110111000010111110101
11110110000001000100011100011011010011101000010001100111011001010100110001111100110011110111110101100100000000110110111011011101101100000011001000000110000010110110010100011001001010010110101111101110101100011101111001011100110110000110010000011011011110110001111101001101
01011011010111001100011111010101010110000001011101110101000100110101000000001110010110000001101000110001001100001010111111001111010101001110111111110101000000101010001111111101011000110100111101100010010101111011000011011010010100000111010000011101001001010111110001111001
01001011000101011100000010011101011110110001000101011101001101111101101100100001011111100100111101100111011100101100010001011110010111001000010001001101010110000010000000001011010100010110101101010000010001110101011100010101101001011111001111101000100011110110101101101101
01000011100011110010001000011100111111011100111001101101001111111100100010101000011111000111101101100001111010011111110101001111010110100110110001110100001111010110001111111011000111011001011001000001010000100101101101111110011011110011011111101000111010110011111111001111
00000110000101010100011110110100010011100100100000101011101101110110111101101001011001000101010010101010101101100101110111011011011001001010000101100111010101111110100000100010001001111001110001111010011001110101100001011111110111000100111000110000010011100110011101100100
00000011000101001110111000111111010110000101101101101111110111010100000001100001001101010101011001000101110110000111000100111101011101011111100000100101011010000010100101101000011000010110111111100000001011011010101101101111011000010100011010101000101101110111011001011001
01110011010101000100001100101110010001101101110101101101001101101011000000111101001101110101010001010001111011001010010011101011111100100111100001100000111111110100101100101011011010110110111000101010011101011001100110001110111000000001010111101000001111101110110101001101
11000011000101000100011000011111000110010101010000111111001111110101100100100111001011110101001001100000011010100110010111010100001110000110010101000001110011001101001100000000010000010110100100000001011010010011101101111011011100011110000110111100101101111110011101011101
01000011011110000011010001001011010001100100011001100001110100010101110001010000010001000101111000100011011100000010111111011101010101011110001001001000011101010110111101101100011110001111101010101001110000011110011010111011011010000110010101111011001110110110011100110101
11000001010111001100111001000101010100101101110001101111010101101110100110101101001101001111111001110001000100100100111100010111001110101111100001100101011110110110101100100000000000010010101011100001001011100111111100011101010011101110010100101000011011100011110110101111
11110100100011100111011001101111010011111100010000011011001101101000000010100100011101010110001001100011111010100111011001010111011101100100100010100101000011101010111110110101000010100000111001000111111000001111100101000111100111011010100000101001001011100110101100111100
01000010010011110110001001111111011000100000110001101010011011110000111000110101111101101001111100110001001101000011010111011101010100100011110010010101000011110101001100000100101000010010001011000111111001010111001101111110011110001011010001101110010001110110010101100101
01100111010111000101001011011101110010100000011101110011010100111010101001100001101100100100111010111101010111110011010111011101001111000111010011101111011001000010011110001000011000100111011000000001011001110100001111101011001010001110110101101000100111010011001011111100
10000111010101101110010001111010010001110000100010100001000111010111100001001011010111000111111110110101011010000010010100011010011101001110100100100101011011010000001110001001011000101100110001101000011111010001011101011001001010000011010001000010001101110111110101110001
00001010010100001101111000101101110011100101110100111011000111011010010101101101111111000111111111000101111100101010110100010110000101001101101001100101010111100111001101100001100000100111111001100011000000100011111000011101010011110011110110100000000111111110110110010100
10100011110100000101000000011011010001011110010100111000011100111011000000100111111101000111101101101111000100000100011111000101010101001100100001100001011001110010011111111100001110010110010100000001011010010011000101001110111011010100011101101000011000110010101001111000
00100010010010101101011101000111010110100101010010011000111011011010100001110011011100010001101111000001011100100110000011111011011101001100100111000101011010100110001001100000001101110110111001100010001000111111101001011101110010000100010100111010101110010110110101000001
11000000110111101100011001011001100000000100010000111100011100000111100001101011101100000111110110100011010111101010011101010100101011110110101001100001010111110110011101001100001000010111111001010111011001010111000101011100011010100110000001001010001111101001001101110100
01101111001001011100011101011100110001101100000000111010011001101010110010110001110111000101111001011011111101100010010100111001011111100110100001100101110001110111001101101010011100010101110001110000011101111111011110011111010010011011110111101110001011101111110101001110
01000010000101010100010011010001010000100100100111110110101101100010011000101011011001000101000101100001001100100100010101011010110110011000101001100100010111010111010101100000111000101100111000100001000111010111110111111011010110000111011101011000001111110011101000101101
01110011010000110101011001010101000001010101011001100001010011000110110100111011110101001011001001101000000110100100000000011111011100100111101001110111001011111101001111001000011000110011011010110001001010110111011110010100010100110101011111111000011111011011001011110001
01000011010100000100010101110101001100110000010110110011111001110110100011100111100101000100111101101001111010101110001111011110111001001101101110001101111110110000001001101011010101010101101100100111011101000011001001111110010000000100000111101101101111000001111001111001
00000111010101000000011001110111010100100100011010101011101101111111100000110101011101010101111101101010011111100010100011111110010001100110100001100111011101110101000101011000111001010110101001001010110000010110011101011101101100000110011100101000001101110101110101111001
01100011010101000111011001010110010011100101010001011001011001011110010011100001011111001000111101000001001100101111011101010111010101000110110001111100111111111110001101010100010100010110011011111001000101000110001110010110101010001110011011011000010111100111010001010011
11110001010111110000010001001101010100000000110101011001111001111110000001100011100100000101111100110101011110100011110000001101111001101010010010001111000110110101101111100001000010010110111110100110011010010101011101100111111010100100001101001111011111010011101111110001
01000101010111010100010001111110010001100011010000111111010100110110000011111010110001100001110011000111001100101100010101011111011111100111100010100111000111110111101101101010001000010010011001111010011100001001101101011001010100011110000101101100000010110101011100110101
11000011010001000101000011011110010010100110110001111111000101110010100011100100011001000111111100100101011100100010100001001111101100000111101100110101010111111100101101100110011111010101010001101010001001110001011001010111001010001010010111101001001011100001011101100101
01110010010001000100010000000101010010101000000001111011011000011110100101100001110101001100111111000001110000101111110001000111001101010111100111000110010100011110101101101010101101111110001101100010100100111111011110111110101000000110010101110011001111110001100100010000
11000111010101010011010001110011011110100111001100101001001111101001110001000011011111010101011101000001001100001101110010001101000101100000000001100100011111100100001101111001001111010010111101100001111001011111100001011111010110010110110100100010000100110011111101111101
11000111110001010001010101000111011000000111010001011001001101110011100001100011011011000100000101100101001111100010111110111110101001000100001110000001110111110000000101101000000100000100110111100011011001111001001001010101011010000110110101101100001111100010111000010101
01010000010101010100001000000100010000111001000101100111011111111100110011100000010101000101110100000111001000101010110011111111011100101110000101010100010111110110101000101010111010000110100001000011001001010110001101001011001010000110111000100010001011110011011011111011
01110011010101000001111000011000010011110000110001110111001101110110110001110010011001010101001011100111111100110111010101001111011000001010110101101101010011101110100101101001001011011111111001010010011011110101001100001011111001010001000100001000011011010010111001101001
11010111011101100100011010011101111000010101011101110010001111111110000010100001011001010011111000000001010001110110110110111011010100000010101001100101000001111111011101001101001010110110110100000010111010100011101010111011111000101010110111001010100111110010110111110000